0 0.492969 0.745313 0.154687 0.309375 0 0 0.440849 0 0 0.0273492 0.491047 0.641241 0.564097 0 0 0.0329606 0.476767 0.649018 0.934269 0.432816 0.682752 0.902125 0.473211 0.721188 0.988119 0 0 0.360223 0.520992 0.82618 0.970507 0 0 0.272783 0.537294 0.787949 0.883163 0.452561 0.862509 0.822091 0.479823 0.890382 0.94355 0 0 0.400269 0.561304 0.838725 0.805594 0 0 0.249498 0.548994 0.959169 0.551547
0 0.692187 0.634375 0.10625 0.30625 0.671819 0.563176 0.953744 0.678678 0.551149 0.967373 0.670073 0.550013 0.741409 0.699929 0.544769 0.941707 0 0 0.142576 0.72166 0.597818 0.985398 0.671909 0.570178 0.966541 0.706133 0.692281 0.924498 0.6413 0.628074 0.738131 0.669348 0.692295 0.819309 0.639317 0.650738 0.62668 0.713854 0.742572 0.873995 0.679937 0.722655 0.838722 0 0 0.408289 0 0 0.30907 0 0 0.164181 0 0 0.125057
0 0.207813 0.546875 0.103125 0.3875 0 0 0.38844 0 0 0.0418151 0.220363 0.405106 0.562414 0 0 0.0889778 0.211406 0.408109 0.959221 0.17335 0.442903 0.924392 0.20514 0.463939 0.993912 0 0 0.304353 0.218676 0.55059 0.97464 0 0 0.183752 0.233289 0.51361 0.865311 0.179635 0.587558 0.919131 0.201637 0.603011 0.98005 0.233289 0.566937 0.743881 0.250506 0.586306 0.948416 0.227907 0.66889 0.634011 0.233337 0.700609 0.87084
0 0.650781 0.75 0.114063 0.3 0 0 0.330618 0 0 0.471223 0 0 0.0460688 0.633451 0.672884 0.969731 0 0 0.180514 0.630696 0.735548 0.98574 0.687486 0.70021 0.949842 0.600702 0.852768 0.830877 0 0 0.309216 0 0 0.353317 0 0 0.0968333 0.655318 0.904633 0.775921 0.694807 0.88206 0.654181 0 0 0.266317 0 0 0.129727 0 0 0.137114 0 0 0.0780528
0 0.546875 0.615625 0.115625 0.24375 0.544892 0.576002 0.943563 0.548424 0.561904 0.870246 0.537024 0.564297 0.939208 0 0 0.469715 0.519905 0.549913 0.831167 0.563362 0.558428 0.986752 0.502285 0.581983 0.980579 0.598978 0.621096 0.981585 0.504652 0.664326 0.966604 0.567241 0.653903 0.972334 0.541125 0.661447 0.95665 0.548983 0.715585 0.898752 0.508374 0.728291 0.872335 0 0 0.261869 0 0 0.223028 0 0 0.0421325 0 0 0.0344649
0 0.0710938 0.4125 0.110937 0.2875 0 0 0.24583 0 0 0.0510829 0 0 0.309986 0 0 0.210859 0.0470403 0.309993 0.899801 0.0244447 0.367242 0.875725 0.0628147 0.359335 0.981132 0 0 0.207159 0.0922366 0.401536 0.889104 0 0 0.0998175 0.101757 0.398002 0.624373 0.0532408 0.470897 0.78668 0.0788658 0.472464 0.924716 0.0959228 0.435426 0.541142 0.113445 0.430277 0.84716 0.100551 0.52652 0.520461 0.106844 0.516486 0.775575
0 0.391406 0.379687 0.0828125 0.215625 0.378704 0.335379 0.91845 0.383319 0.325398 0.935885 0.377955 0.325358 0.637796 0.398822 0.319187 0.909613 0 0 0.139916 0.41842 0.3644 0.982908 0.378113 0.348945 0.957631 0.415109 0.443973 0.953609 0.358133 0.398654 0.802739 0.376654 0.455942 0.904239 0.356181 0.424518 0.741441 0.406792 0.486236 0.878678 0.380736 0.472342 0.825234 0 0 0.35771 0 0 0.234618 0 0 0.0969945 0 0 0.0645526
0 0.497656 0.303125 0.101562 0.34375 0.508123 0.186905 0.934641 0.512869 0.17857 0.920877 0.505762 0.177204 0.80131 0.523307 0.173764 0.822321 0 0 0.362772 0.535578 0.207935 0.986305 0.495182 0.195127 0.974233 0.533985 0.277569 0.922593 0.48163 0.247686 0.805882 0.506665 0.281448 0.851708 0.485541 0.264022 0.733601 0.51892 0.309565 0.97123 0.492951 0.298258 0.962532 0.492535 0.321992 0.940284 0.461793 0.306409 0.914595 0.4804 0.426744 0.8897 0.464136 0.407011 0.858993
0 0.332812 0.567187 0.096875 0.346875 0 0 0.0457979 0 0 0.0655293 0 0 0.00631474 0.329229 0.447739 0.905416 0 0 0.144671 0.318763 0.5046 0.979602 0.373123 0.495216 0.916634 0.296444 0.574424 0.842993 0 0 0.258143 0 0 0.392011 0 0 0.0750403 0.330666 0.642095 0.956378 0.368192 0.635572 0.899648 0.29126 0.586924 0.868014 0.332728 0.58331 0.685001 0.309056 0.69717 0.767509 0.348379 0.694285 0.593396
0 0.0945313 0.271875 0.0859375 0.16875 0.0812356 0.236916 0.936399 0.0837392 0.227509 0.905233 0.0763899 0.230164 0.91494 0.0895948 0.224843 0.546119 0.0687083 0.232181 0.651249 0.104135 0.256915 0.980178 0.061219 0.269695 0.975092 0.127694 0.306097 0.892411 0.0630837 0.333191 0.864532 0.12734 0.339256 0.788232 0.0803914 0.355089 0.753271 0.106302 0.368181 0.856948 0.0778049 0.374757 0.848891 0 0 0.20194 0 0 0.202358 0 0 0.0534366 0 0 0.0534807
0 0.230469 0.240625 0.0796875 0.20625 0.220643 0.184577 0.953701 0.224657 0.174755 0.943768 0.216714 0.176744 0.887546 0.233984 0.172935 0.825655 0 0 0.499546 0.24911 0.218097 0.97125 0.209637 0.222046 0.963624 0.266057 0.276652 0.775723 0.20137 0.277514 0.68958 0.254519 0.312544 0.59731 0.195076 0.319549 0.514081 0.236971 0.335472 0.66095 0.211474 0.332281 0.634273 0 0 0.144157 0 0 0.131769 0 0 0.0475735 0 0 0.0449086
0 0.253125 0.35 0.08125 0.18125 0.256048 0.321056 0.956222 0.261002 0.311859 0.931321 0.251515 0.310074 0.933069 0.268036 0.306892 0.706687 0.242368 0.30151 0.736224 0.275845 0.338459 0.979222 0.22677 0.336707 0.971523 0.288452 0.400767 0.896197 0.215732 0.409891 0.828011 0.284019 0.411261 0.810491 0.232419 0.432082 0.733437 0.266572 0.451525 0.779607 0.233902 0.452477 0.739967 0 0 0.239755 0 0 0.206301 0 0 0.0693656 0 0 0.0597015
